Density: 0,1
0 105
1 45
2 33
3 43
4 33
5 31
6 30
7 32
8 32
9 32
10 32
11 32
12 32
13 32
14 32
15 32
16 32
17 32
18 32
19 32
20 32
21 32
22 32
23 32
24 32
25 32
26 32
27 32
28 32
29 32
30 32
31 32
32 32
33 32
34 32
35 32
36 32
37 32
38 32
39 32
40 32
41 32
42 32
43 32
44 32
45 32
46 32
47 32
48 32
49 32
50 32
51 32
52 32
53 32
54 32
55 32
56 32
57 32
58 32
59 32
60 32
61 32
62 32
63 32
64 32
65 32
66 32
67 32
68 32
69 32
70 32
71 32
72 32
73 32
74 32
75 32
76 32
77 32
78 32
79 32
80 32
81 32
82 32
83 32
84 32
85 32
86 32
87 32
88 32
89 32
90 32
91 32
92 32
93 32
94 32
95 32
96 32
97 32
98 32
99 32
100 32
101 32
102 32
103 32
104 32
105 32
106 32
107 32
108 32
109 32
110 32
111 32
112 32
113 32
114 32
115 32
116 32
117 32
118 32
119 32
120 32
121 32
122 32
123 32
124 32
125 32
126 32
127 32
128 32
129 32
130 32
131 32
132 32
133 32
134 32
135 32
136 32
137 32
138 32
139 32
140 32
141 32
142 32
143 32
144 32
145 32
146 32
147 32
148 32
149 32
150 32
151 32
152 32
153 32
154 32
155 32
156 32
157 32
158 32
159 32
160 32
161 32
162 32
163 32
164 32
165 32
166 32
167 32
168 32
169 32
170 32
171 32
172 32
173 32
174 32
175 32
176 32
177 32
178 32
179 32
180 32
181 32
182 32
183 32
184 32
185 32
186 32
187 32
188 32
189 32
190 32
191 32
192 32
193 32
194 32
195 32
196 32
197 32
198 32
199 32
Density: 0,2
0 183
1 166
2 158
3 158
4 157
5 149
6 148
7 159
8 138
9 136
10 130
11 144
12 129
13 143
14 136
15 140
16 134
17 152
18 126
19 139
20 131
21 132
22 143
23 128
24 147
25 131
26 147
27 143
28 170
29 180
30 164
31 177
32 158
33 156
34 171
35 166
36 183
37 147
38 178
39 158
40 170
41 148
42 151
43 149
44 156
45 154
46 158
47 155
48 148
49 177
50 136
51 127
52 127
53 122
54 137
55 124
56 146
57 132
58 123
59 113
60 103
61 105
62 100
63 104
64 96
65 100
66 113
67 104
68 83
69 91
70 92
71 100
72 101
73 101
74 86
75 87
76 81
77 85
78 77
79 97
80 80
81 81
82 79
83 77
84 86
85 82
86 90
87 87
88 93
89 118
90 121
91 95
92 87
93 88
94 88
95 87
96 92
97 97
98 108
99 104
100 118
101 115
102 131
103 136
104 144
105 131
106 147
107 142
108 147
109 124
110 139
111 123
112 149
113 120
114 111
115 110
116 110
117 106
118 111
119 110
120 131
121 101
122 120
123 102
124 99
125 104
126 94
127 92
128 92
129 93
130 103
131 101
132 96
133 97
134 105
135 99
136 94
137 77
138 85
139 87
140 102
141 96
142 101
143 106
144 112
145 119
146 110
147 125
148 114
149 123
150 114
151 139
152 125
153 128
154 107
155 117
156 107
157 104
158 110
159 109
160 108
161 115
162 103
163 108
164 116
165 115
166 113
167 125
168 100
169 104
170 103
171 105
172 102
173 115
174 111
175 109
176 104
177 116
178 102
179 115
180 99
181 125
182 113
183 127
184 116
185 123
186 120
187 140
188 128
189 137
190 120
191 124
192 135
193 123
194 105
195 101
196 103
197 105
198 121
199 109
Density: 0,3
0 286
1 336
2 280
3 259
4 245
5 232
6 222
7 228
8 203
9 204
10 209
11 208
12 201
13 197
14 206
15 187
16 181
17 178
18 165
19 174
20 156
21 168
22 159
23 165
24 144
25 163
26 147
27 146
28 121
29 117
30 107
31 107
32 109
33 112
34 113
35 109
36 125
37 102
38 122
39 110
40 105
41 120
42 108
43 132
44 121
45 124
46 123
47 114
48 113
49 112
50 101
51 80
52 99
53 84
54 78
55 73
56 73
57 74
58 65
59 62
60 52
61 57
62 55
63 57
64 73
65 59
66 72
67 71
68 96
69 77
70 93
71 96
72 116
73 108
74 120
75 106
76 95
77 115
78 109
79 121
80 91
81 97
82 90
83 77
84 98
85 82
86 86
87 76
88 85
89 83
90 78
91 77
92 79
93 73
94 87
95 69
96 68
97 79
98 77
99 76
100 76
101 73
102 76
103 68
104 73
105 80
106 82
107 76
108 70
109 71
110 79
111 91
112 86
113 104
114 101
115 109
116 86
117 88
118 84
119 78
120 90
121 74
122 77
123 81
124 85
125 90
126 81
127 85
128 83
129 65
130 68
131 67
132 69
133 71
134 71
135 71
136 77
137 80
138 75
139 96
140 75
141 103
142 95
143 125
144 123
145 124
146 144
147 144
148 109
149 103
150 91
151 87
152 84
153 97
154 78
155 86
156 79
157 75
158 68
159 61
160 52
161 58
162 55
163 57
164 56
165 60
166 70
167 65
168 71
169 62
170 69
171 66
172 84
173 75
174 75
175 59
176 63
177 65
178 68
179 74
180 69
181 81
182 79
183 75
184 70
185 67
186 70
187 74
188 73
189 67
190 61
191 68
192 65
193 68
194 69
195 56
196 51
197 51
198 47
199 46
Density: 0,4
0 410
1 348
2 317
3 277
4 262
5 246
6 242
7 229
8 237
9 228
10 211
11 225
12 218
13 223
14 219
15 203
16 191
17 181
18 156
19 162
20 130
21 129
22 132
23 127
24 121
25 119
26 115
27 123
28 115
29 100
30 99
31 102
32 103
33 104
34 101
35 111
36 111
37 127
38 116
39 127
40 115
41 130
42 123
43 127
44 122
45 132
46 131
47 138
48 133
49 133
50 136
51 150
52 144
53 160
54 128
55 148
56 119
57 120
58 119
59 109
60 98
61 124
62 97
63 111
64 97
65 95
66 92
67 97
68 104
69 97
70 117
71 115
72 118
73 105
74 119
75 97
76 105
77 106
78 133
79 123
80 138
81 135
82 130
83 143
84 120
85 130
86 147
87 115
88 104
89 101
90 114
91 118
92 103
93 119
94 93
95 100
96 92
97 94
98 101
99 97
100 112
101 107
102 104
103 104
104 106
105 83
106 86
107 81
108 79
109 81
110 79
111 92
112 88
113 91
114 91
115 82
116 90
117 97
118 89
119 92
120 84
121 95
122 81
123 67
124 70
125 58
126 61
127 63
128 66
129 65
130 65
131 68
132 80
133 78
134 87
135 78
136 86
137 85
138 87
139 88
140 92
141 95
142 80
143 78
144 87
145 90
146 89
147 96
148 88
149 87
150 100
151 83
152 78
153 83
154 83
155 93
156 84
157 86
158 94
159 82
160 86
161 78
162 92
163 88
164 91
165 90
166 99
167 96
168 96
169 86
170 89
171 86
172 86
173 81
174 81
175 88
176 90
177 88
178 84
179 85
180 95
181 88
182 90
183 84
184 91
185 94
186 95
187 98
188 95
189 88
190 92
191 94
192 89
193 91
194 81
195 83
196 74
197 71
198 66
199 77
Density: 0,5
0 516
1 256
2 218
3 195
4 198
5 217
6 199
7 203
8 198
9 209
10 188
11 172
12 170
13 144
14 153
15 149
16 139
17 137
18 134
19 140
20 129
21 145
22 130
23 137
24 144
25 132
26 139
27 135
28 130
29 136
30 141
31 142
32 127
33 126
34 94
35 99
36 87
37 89
38 90
39 97
40 90
41 99
42 82
43 90
44 85
45 80
46 84
47 80
48 73
49 88
50 81
51 68
52 77
53 67
54 83
55 79
56 94
57 83
58 90
59 102
60 111
61 94
62 97
63 102
64 111
65 119
66 95
67 73
68 84
69 75
70 73
71 72
72 70
73 64
74 75
75 64
76 63
77 66
78 76
79 66
80 67
81 57
82 53
83 47
84 54
85 43
86 54
87 42
88 40
89 43
90 45
91 49
92 53
93 58
94 65
95 58
96 62
97 57
98 69
99 62
100 65
101 61
102 60
103 65
104 65
105 66
106 68
107 57
108 60
109 60
110 72
111 62
112 82
113 64
114 71
115 70
116 70
117 66
118 65
119 63
120 67
121 61
122 62
123 55
124 65
125 58
126 61
127 63
128 71
129 64
130 65
131 83
132 73
133 81
134 85
135 100
136 90
137 114
138 109
139 131
140 113
141 120
142 111
143 106
144 112
145 104
146 111
147 99
148 122
149 107
150 103
151 107
152 91
153 90
154 92
155 91
156 95
157 94
158 95
159 103
160 108
161 95
162 99
163 95
164 86
165 95
166 85
167 98
168 72
169 71
170 75
171 86
172 86
173 99
174 85
175 91
176 95
177 95
178 109
179 102
180 115
181 107
182 119
183 127
184 114
185 124
186 115
187 109
188 110
189 100
190 98
191 103
192 91
193 77
194 80
195 67
196 60
197 61
198 61
199 67
