Density: 0,1
0 108
1 52
2 32
3 31
4 35
5 32
6 30
7 30
8 32
9 30
10 38
11 38
12 50
13 48
14 61
15 59
16 76
17 57
18 73
19 67
20 90
21 77
22 94
23 83
24 105
25 90
26 92
27 84
28 87
29 83
30 97
31 90
32 107
33 97
34 97
35 84
36 89
37 84
38 78
39 78
40 76
41 81
42 79
43 84
44 77
45 94
46 77
47 92
48 89
49 81
50 80
51 82
52 80
53 86
54 94
55 63
56 67
57 67
58 80
59 64
60 64
61 64
62 60
63 77
64 64
65 84
66 81
67 98
68 89
69 93
70 83
71 89
72 85
73 98
74 88
75 99
76 85
77 99
78 85
79 73
80 80
81 76
82 76
83 75
84 61
85 59
86 60
87 62
88 55
89 55
90 54
91 54
92 62
93 61
94 70
95 76
96 82
97 89
98 84
99 100
100 80
101 89
102 81
103 83
104 64
105 57
106 55
107 56
108 60
109 62
110 63
111 69
112 59
113 63
114 64
115 61
116 63
117 63
118 66
119 75
120 65
121 74
122 69
123 74
124 71
125 73
126 76
127 76
128 72
129 68
130 67
131 72
132 65
133 64
134 62
135 73
136 68
137 60
138 60
139 58
140 62
141 65
142 62
143 63
144 70
145 67
146 80
147 70
148 88
149 80
150 73
151 62
152 71
153 66
154 74
155 79
156 83
157 101
158 94
159 132
160 109
161 117
162 112
163 127
164 111
165 111
166 109
167 101
168 101
169 101
170 101
171 101
172 107
173 107
174 103
175 100
176 85
177 83
178 78
179 84
180 84
181 78
182 82
183 89
184 88
185 98
186 83
187 83
188 83
189 86
190 77
191 82
192 96
193 93
194 114
195 88
196 89
197 82
198 93
199 87
Density: 0,2
0 203
1 203
2 182
3 190
4 154
5 183
6 159
7 181
8 152
9 180
10 138
11 116
12 112
13 121
14 124
15 116
16 107
17 101
18 106
19 88
20 78
21 73
22 72
23 80
24 80
25 94
26 90
27 109
28 97
29 114
30 130
31 131
32 120
33 117
34 112
35 117
36 110
37 129
38 118
39 132
40 112
41 124
42 123
43 126
44 136
45 124
46 106
47 124
48 95
49 99
50 89
51 95
52 102
53 102
54 97
55 94
56 94
57 76
58 69
59 76
60 70
61 71
62 69
63 73
64 83
65 76
66 78
67 76
68 79
69 88
70 83
71 83
72 87
73 85
74 101
75 87
76 94
77 95
78 94
79 95
80 82
81 82
82 90
83 93
84 98
85 100
86 102
87 105
88 109
89 103
90 105
91 97
92 90
93 102
94 79
95 69
96 66
97 63
98 59
99 52
100 43
101 44
102 47
103 55
104 49
105 52
106 52
107 49
108 53
109 61
110 57
111 58
112 51
113 62
114 60
115 68
116 72
117 88
118 79
119 100
120 87
121 110
122 102
123 128
124 120
125 150
126 149
127 161
128 126
129 112
130 121
131 116
132 134
133 138
134 151
135 165
136 129
137 141
138 119
139 92
140 85
141 93
142 78
143 79
144 80
145 78
146 83
147 80
148 83
149 72
150 70
151 76
152 73
153 66
154 61
155 58
156 51
157 51
158 44
159 41
160 44
161 43
162 48
163 48
164 57
165 44
166 47
167 47
168 48
169 52
170 50
171 56
172 55
173 52
174 56
175 59
176 62
177 64
178 70
179 72
180 74
181 75
182 60
183 66
184 65
185 75
186 72
187 73
188 81
189 71
190 72
191 63
192 55
193 63
194 68
195 73
196 74
197 83
198 79
199 78
Density: 0,3
0 298
1 334
2 297
3 261
4 278
5 234
6 230
7 229
8 219
9 190
10 211
11 180
12 189
13 197
14 164
15 153
16 156
17 151
18 171
19 166
20 183
21 161
22 180
23 164
24 183
25 170
26 181
27 176
28 175
29 168
30 176
31 174
32 161
33 155
34 159
35 145
36 142
37 155
38 134
39 120
40 128
41 126
42 111
43 112
44 115
45 129
46 119
47 116
48 112
49 113
50 112
51 119
52 119
53 114
54 132
55 120
56 141
57 129
58 144
59 139
60 139
61 134
62 135
63 145
64 129
65 131
66 136
67 129
68 141
69 142
70 139
71 142
72 159
73 129
74 141
75 143
76 149
77 153
78 157
79 140
80 155
81 151
82 151
83 155
84 148
85 149
86 139
87 134
88 148
89 154
90 135
91 139
92 134
93 133
94 131
95 143
96 122
97 112
98 95
99 86
100 91
101 105
102 115
103 121
104 136
105 134
106 134
107 153
108 145
109 143
110 146
111 142
112 145
113 153
114 135
115 134
116 141
117 135
118 127
119 138
120 140
121 149
122 150
123 157
124 135
125 145
126 143
127 135
128 148
129 136
130 139
131 112
132 116
133 99
134 106
135 104
136 100
137 95
138 96
139 96
140 89
141 100
142 85
143 82
144 83
145 80
146 94
147 88
148 93
149 91
150 96
151 97
152 111
153 112
154 115
155 127
156 116
157 128
158 132
159 133
160 118
161 138
162 138
163 126
164 121
165 116
166 117
167 127
168 119
169 145
170 128
171 124
172 123
173 112
174 121
175 123
176 138
177 139
178 145
179 146
180 171
181 162
182 177
183 165
184 201
185 144
186 167
187 138
188 160
189 142
190 138
191 148
192 156
193 156
194 160
195 162
196 160
197 143
198 157
199 130
Density: 0,4
0 409
1 369
2 351
3 289
4 242
5 247
6 241
7 254
8 227
9 239
10 223
11 197
12 200
13 201
14 188
15 188
16 164
17 165
18 135
19 165
20 145
21 148
22 136
23 147
24 128
25 126
26 132
27 124
28 155
29 141
30 149
31 139
32 139
33 122
34 139
35 105
36 110
37 118
38 122
39 125
40 148
41 146
42 160
43 157
44 160
45 164
46 169
47 158
48 170
49 140
50 167
51 143
52 148
53 125
54 133
55 159
56 138
57 164
58 148
59 147
60 154
61 151
62 181
63 164
64 186
65 175
66 165
67 171
68 162
69 173
70 160
71 182
72 163
73 186
74 138
75 135
76 125
77 122
78 135
79 126
80 132
81 113
82 119
83 107
84 119
85 116
86 123
87 118
88 113
89 114
90 111
91 102
92 104
93 114
94 120
95 127
96 107
97 106
98 111
99 100
100 103
101 103
102 98
103 97
104 102
105 80
106 94
107 95
108 92
109 95
110 99
111 80
112 88
113 93
114 105
115 102
116 107
117 126
118 108
119 111
120 110
121 107
122 112
123 91
124 84
125 75
126 86
127 86
128 89
129 99
130 99
131 96
132 97
133 88
134 109
135 92
136 108
137 107
138 126
139 125
140 138
141 133
142 147
143 150
144 141
145 137
146 152
147 140
148 140
149 133
150 131
151 139
152 120
153 106
154 98
155 98
156 104
157 107
158 119
159 113
160 136
161 121
162 142
163 139
164 128
165 128
166 120
167 106
168 106
169 110
170 109
171 112
172 90
173 87
174 91
175 88
176 101
177 96
178 104
179 103
180 96
181 118
182 118
183 114
184 128
185 100
186 114
187 105
188 109
189 110
190 117
191 132
192 125
193 129
194 126
195 130
196 138
197 124
198 132
199 132
Density: 0,5
0 492
1 267
2 282
3 259
4 246
5 260
6 252
7 241
8 238
9 251
10 241
11 236
12 259
13 238
14 235
15 213
16 193
17 194
18 181
19 177
20 166
21 149
22 177
23 178
24 182
25 178
26 173
27 185
28 165
29 185
30 163
31 164
32 151
33 157
34 135
35 129
36 134
37 133
38 131
39 151
40 114
41 121
42 112
43 123
44 118
45 126
46 110
47 104
48 102
49 93
50 88
51 86
52 90
53 79
54 86
55 77
56 90
57 71
58 69
59 65
60 77
61 61
62 55
63 58
64 60
65 53
66 48
67 52
68 49
69 53
70 60
71 61
72 66
73 77
74 83
75 76
76 71
77 57
78 42
79 37
80 35
81 33
82 36
83 39
84 42
85 42
86 36
87 37
88 35
89 35
90 33
91 37
92 29
93 25
94 24
95 24
96 24
97 24
98 24
99 24
100 24
101 24
102 24
103 24
104 24
105 24
106 24
107 24
108 24
109 24
110 24
111 24
112 24
113 24
114 24
115 24
116 24
117 24
118 24
119 24
120 24
121 24
122 24
123 24
124 24
125 24
126 24
127 24
128 24
129 24
130 24
131 24
132 24
133 24
134 24
135 24
136 24
137 24
138 24
139 24
140 24
141 24
142 24
143 24
144 24
145 24
146 24
147 24
148 24
149 24
150 24
151 24
152 24
153 24
154 24
155 24
156 24
157 24
158 24
159 24
160 24
161 24
162 24
163 24
164 24
165 24
166 24
167 24
168 24
169 24
170 24
171 24
172 24
173 24
174 24
175 24
176 24
177 24
178 24
179 24
180 24
181 24
182 24
183 24
184 24
185 24
186 24
187 24
188 24
189 24
190 24
191 24
192 24
193 24
194 24
195 24
196 24
197 24
198 24
199 24
