00011001000001000000001110000000000000000100000000
00000010000000110000010001001000000000000100000000
00100100100001011000110001000100000000000100000000
00010101000000111000000011000000000000000011000000
00001101011001101100000000000100100000001010001100
00000011011100101000000000100101011000001111011100
10000000111001101100000001000000010100110001001000
01000000000001101100000011010110010010110010101010
01000000000000011000000001011000001110110000111100
00100000010100001110000000111000000000000000110100
00000000100100001011000000000000000000000000000100
01000000010000000001100000000000000000000000110000
00000000001000000001000000000000000000000000110000
10000000000000001010100000000000000000000000000011
00000000000000001111100000111000000000000000000000
00000000000000010100010000001000001111100000000000
00000000000000111000110000011000011111000000000000
11000000000000111001001000000000000011000000000001
00000110000001100000000100000000011010000000100001
00001011000000100000010010000000011000000010010000